0010010010000000000000000000000000000000000000000000000
0000010010000011000100000001000000000000000000000000000
0000011101100000000010000001101100000000000000000000000
0000011000100000000010000001101100000000000000000000000
0011010100000000000000000000000000000000000000000000000
0000010010000011000100000001000001000000000000000000000
0000011001100000000010000001101100000100000000000000000
0000010111100000000010000001101100000100000000000000000
0000110000100010000100001010000011000000000000000000010
0000010010000011000100000001000010000000000000000000000
0000000000000000000000000000000000000000000000000000000
0000000000000000000000000000000000000000000000000000000
0000010010000000100000100001100000000000000000000000000
0000010010000011000001000001000000000000000000000000000
0000010010000010000010000000010100000100000000000000000
0000011100100000000010000000000000000000000000000000000
0001010000000000000000000000000000111000000000000000000
0001010001000000000000000000000000110000000000000000000
0100100001100000110000000000000000000000000000000000000
0000100001100000110000000000000000000000000000000000000
0000010010000010110000100101100000000000000000000000000
0000010010000010110000100100011000000100000000000000000
0000010010000000100000100000010000000100000000000000000
0000010000010000000100000000000011001000000000000000000
0000010001010000000100000000000011000000000000000000000
0001011001010000000000000000000000101000000000000000000
0000000000000000000000000000000000000000000000000000000
0000010010000011001000000000000000001000000000000000000
0001011100010010010000000100000000101000000000000000000
0001011101010000000000000000000000100000000000000000000
0000010010000000101000010000000000001000000000000000000
0000010010000011001000000000000000000000000000000000000
1000000000000100000000000000000000000000000000000000000
0001100001010000000000000000000000101000000000000000000
0000000000000000000000000000000000000000000000000000000
0000100000001000001000000000000000001000000000000000000
0000000000000000000000000000000000000000000000000000000
0000111100100010000000001010000000000000000000000000001
0000000000000000000000000000000000000000000000000000000
0101101000000000000000000000000000000000000000000000000
0000010010000000000000000000000000000000000000000000000
0000100101010000100000110000000000001011110001000000000
0000100101010000100000110000000000001011110010000000000
0000101100010000010000000000000000001000000000000000000
0001101100000000000000000000000000111000000000000000000
0001101101010000000000000000000000101000000000000000000
0000101101100000000000000000000000000000001100000000000
0000010010000000101000010000000000001000000000000000000
0001110000010000000000000000000000101000000000000000000
0000110100100010000100001010000011000000000000000000010
0000110001000000101000010000000000001000000000000000000
0000000000000000000000000000000000000000000000000000000
0001110100010000000000000000000000101000000000000000000
0000100101000010000000001010000000000000000000011010000
0000100111000000001000000000000000001010000000000000000
0000000000000000000000000000000000000000000000000000000
0000010010000010000000001010000000000000000000100101000
0000000000000000000000000000000000000000000000000000000
0000000000000000000000000000000000000000000000000000000
0000000000000000000000000000000000000000000000000000000
0001111100000000000000000000000000111000000000000000000
0000000000000000000000000000000000000000000000000000000
0000101011100010000000001010000000000000000000000000001
0000000000000000000000000000000000000000000000000000000
